20230107153217
20230803104404
20210326203305
20161002120826
20230702162331
20230803105128
20220508105020
20230702153056
20220828151156
20230801073722
20230107142859
20220903124224
20230801111803
20221122101952
20221008162531
20221121131346
20210327012550
20220828152548
20210327013954
20230731093945
20230728151410
20230728150457
20171112000701
0
20180605095003
20230202050413
20220625115907
20190102033536
20230702152829
20230107162107
20230401134006
20221008161345
20230202030808
20231211065435
20220704145325
20220814193904
20230801113619
20220709110332
20230728114426
20230803104932
